32100.7 108160
32100.6 108160
32100.4 108160
32100.2 108160
32100.2 108160

31971 108225
31970.9 108225
31970.7 108225
31970.6 108225

30905.5 109889
30904.9 109890
30904 109891
30902.8 109891
30832.1 109891
30832.1 109885
30900.8 109885

30912.9 109866
30905.5 109889
30900.8 109885
30907.6 109864
30907.6 109864
30907.6 109864
30907.7 109864

30922.5 109842
30912.9 109866
30907.7 109864
30917.5 109839

30942.2 109824
30942.1 109825
30942 109825
30942 109825
30941.8 109825
30941.6 109826
30941.4 109826
30941.3 109826
30922.5 109842
30917.5 109839
30917.5 109839
30917.6 109839
30917.7 109839
30917.9 109838
30918.1 109838
30918.2 109838
30918.3 109838
30937.1 109822

30954.3 109786
30942.2 109824
30937.1 109822
30949 109784
30949.1 109784
30954.3 109771
30954.3 109771

30959.3 109774
30954.3 109786
30954.3 109771
30954.4 109771
30954.5 109771
30954.7 109770
30954.9 109770
30955 109770
30955.1 109770

30980.4 109755
30980.3 109755
30980.2 109756
30980.2 109756
30980 109756
30979.8 109756
30979.6 109756
30979.5 109757
30959.3 109774
30955.1 109770
30975.3 109753

30995.8 109706
30980.4 109755
30975.3 109753
30990.5 109705
30990.6 109704
30991.1 109703
30991.2 109703
30991.4 109702
30991.6 109702
30991.9 109702

30996 109706
30995.8 109706
30991.9 109702

31018.6 109686
31018.5 109686
31018.4 109686
31018.4 109687
31018.2 109687
31018 109687
31017.8 109687
31017.7 109687
30996 109706
30991.9 109702
31013.5 109684

31034.2 109637
31018.6 109686
31013.5 109684
31029.1 109634
31029.1 109634
31029.2 109634
31029.3 109634
31029.5 109633
31029.7 109633
31029.8 109633
31029.9 109633

31056.8 109617
31056.7 109617
31056.6 109617
31056.6 109617
31056.4 109618
31056.2 109618
31056 109618
31055.9 109618
31034.2 109637
31029.9 109633
31051.7 109614

31072.4 109567
31056.8 109617
31051.7 109614
31067.3 109565
31067.3 109565
31067.4 109565
31067.5 109565
31067.7 109564
31067.9 109564
31068 109564
31068.1 109564

31095 109548
31094.9 109548
31094.8 109548
31094.8 109548
31094.6 109548
31094.3 109549
31094.2 109549
31094.1 109549
31072.4 109567
31068.1 109564
31089.9 109545

31110.6 109498
31095 109548
31089.9 109545
31105.5 109496
31105.5 109496
31105.6 109495
31105.7 109495
31105.9 109495
31106.1 109495
31106.2 109495
31106.3 109495

31133.2 109478
31133.1 109479
31133 109479
31133 109479
31132.8 109479
31132.5 109479
31132.4 109480
31132.3 109480
31110.6 109498
31106.3 109495
31128.1 109476

31148.8 109429
31133.2 109478
31128.1 109476
31143.7 109427
31143.7 109426
31143.8 109426
31143.9 109426
31144 109426
31144.3 109426
31144.4 109425
31144.5 109425

31171.4 109409
31171.3 109409
31171.2 109410
31171.2 109410
31171 109410
31170.7 109410
31170.6 109410
31170.5 109410
31148.8 109429
31144.5 109425
31166.3 109407

31187 109360
31171.4 109409
31166.3 109407
31181.9 109357
31181.9 109357
31182 109357
31182.1 109357
31182.2 109357
31182.5 109356
31182.6 109356
31182.7 109356

31209.5 109340
31209.5 109340
31209.4 109340
31209.3 109341
31209.2 109341
31208.9 109341
31208.8 109341
31208.7 109341
31187 109360
31182.7 109356
31204.5 109338

31225.1 109291
31209.5 109340
31204.5 109338
31220 109288
31220.1 109288
31220.2 109288
31220.2 109288
31220.4 109287
31220.7 109287
31220.8 109287
31220.9 109287

31247.8 109271
31247.7 109271
31247.6 109271
31247.5 109271
31247.3 109272
31247.1 109272
31247 109272
31246.9 109272
31225.1 109291
31220.9 109287
31242.7 109268

31263.3 109221
31247.8 109271
31242.7 109268
31258.2 109219
31258.3 109219
31258.4 109219
31258.5 109219
31258.6 109218
31258.9 109218
31259 109218
31259.1 109218

31286 109202
31285.9 109202
31285.8 109202
31285.7 109202
31285.5 109202
31285.3 109203
31285.2 109203
31285.1 109203
31263.3 109221
31259.1 109218
31280.8 109199

31301.5 109152
31286 109202
31280.8 109199
31296.4 109150
31296.5 109150
31296.6 109149
31296.7 109149
31296.8 109149
31297.1 109149
31297.2 109149
31297.3 109149

31324.2 109132
31324.1 109133
31324 109133
31323.9 109133
31323.8 109133
31323.5 109133
31323.4 109134
31323.3 109134
31301.5 109152
31297.3 109149
31319 109130

31339.7 109083
31324.2 109132
31319 109130
31334.6 109081
31334.7 109080
31334.8 109080
31334.8 109080
31335 109080
31335.3 109080
31335.4 109079
31335.5 109079

31362.3 109063
31362.3 109063
31362.2 109064
31362.1 109064
31361.9 109064
31361.7 109064
31361.6 109064
31361.5 109064
31339.7 109083
31335.5 109079
31357.2 109061

31377.9 109014
31362.3 109063
31357.2 109061
31372.8 109011
31372.9 109011
31373 109011
31373 109011
31373.2 109011
31373.5 109010
31373.6 109010
31373.7 109010

31400.5 108994
31400.5 108994
31400.4 108994
31400.3 108994
31400.1 108995
31399.9 108995
31399.8 108995
31399.7 108995
31377.9 109014
31373.7 109010
31395.4 108992

31416.1 108945
31400.5 108994
31395.4 108992
31411 108942
31411.1 108942
31411.2 108942
31411.2 108942
31411.4 108941
31411.7 108941
31411.8 108941
31411.9 108941

31438.7 108925
31438.7 108925
31438.6 108925
31438.5 108925
31438.3 108926
31438.1 108926
31438 108926
31437.9 108926
31416.1 108945
31411.9 108941
31433.6 108922

31454.3 108875
31438.7 108925
31433.6 108922
31449.2 108873
31449.3 108873
31449.3 108873
31449.4 108872
31449.6 108872
31449.8 108872
31450 108872
31450.1 108872

31476.9 108856
31476.8 108856
31476.8 108856
31476.7 108856
31476.5 108856
31476.3 108857
31476.2 108857
31476.1 108857
31454.3 108875
31450.1 108872
31471.8 108853

31492.5 108806
31476.9 108856
31471.8 108853
31487.4 108804
31487.5 108804
31487.5 108803
31487.6 108803
31487.8 108803
31488 108803
31488.2 108803
31488.2 108803

31515.1 108786
31515.1 108787
31515 108787
31514.9 108787
31514.7 108787
31514.5 108787
31514.4 108788
31514.3 108788
31492.5 108806
31488.2 108803
31510 108784

31530.7 108737
31515.1 108786
31510 108784
31525.6 108734
31525.7 108734
31525.8 108734
31525.8 108734
31526 108734
31526.3 108733
31526.4 108733
31526.5 108733

31553.2 108717
31553.2 108717
31553.1 108718
31553 108718
31552.8 108718
31552.6 108718
31552.5 108718
31552.4 108718
31530.7 108737
31526.5 108733
31548.1 108715

31568.5 108669
31553.2 108717
31548.1 108715
31563.5 108666
31563.5 108666
31563.6 108666
31563.7 108666
31563.8 108666
31564.1 108665
31564.2 108665
31564.5 108665
31564.5 108665

31591.7 108649
31568.5 108669
31564.5 108665
31587.6 108645

31592.7 108648
31592.7 108648
31592.6 108648
31592.5 108648
31592.5 108648
31592.3 108648
31592.1 108649
31591.9 108649
31591.7 108649
31591.7 108649
31587.6 108645
31600.9 108602

31606.1 108605
31592.7 108648
31600.9 108602
31601 108602
31601 108602
31601.1 108602
31601.2 108602
31601.4 108601
31601.6 108601
31601.7 108601
31602 108601

31616.7 108595
31616.6 108595
31616.6 108596
31616.5 108596
31616.3 108596
31616.1 108596
31616 108596
31615.7 108597
31606.1 108605
31602 108601
31611.7 108593

31628.1 108563
31616.7 108595
31611.7 108593
31623.1 108560
31623.1 108560
31623.2 108560
31623.2 108560
31623.4 108560
31623.7 108560
31623.8 108559
31624 108559
31624 108559
31624.1 108559

31634 108559
31628.1 108563
31624.1 108559
31630.1 108554

31635 108557
31635 108557
31634.9 108558
31634.7 108558
31634.5 108558
31634.3 108558
31634.1 108558
31634.1 108559
31634 108559
31630.1 108554
31642.9 108524
31642.9 108524

31647.8 108526
31635 108557
31635 108557
31642.9 108524
31642.9 108524
31643 108523
31643.2 108523
31643.4 108523
31643.5 108523
31643.8 108522
31643.9 108522

31653.7 108522
31647.8 108526
31643.9 108522
31649.9 108518

31654.6 108521
31654.6 108521
31654.4 108522
31654.2 108522
31654 108522
31653.8 108522
31653.7 108522
31649.9 108518
31664.2 108488
31664.3 108488

31669 108491
31654.7 108521
31654.6 108521
31664.3 108488
31664.3 108488
31664.5 108488
31664.7 108487
31664.8 108487
31665.1 108487
31665.3 108487

31675.4 108487
31669 108491
31665.3 108487
31671.7 108483

31691.7 108458
31676.3 108486
31676.1 108486
31675.9 108486
31675.8 108487
31675.5 108487
31675.4 108487
31671.7 108483
31687.1 108454
31687.3 108454
31687.5 108454
31687.7 108454
31687.9 108453
31688.1 108453

31700.8 108452
31691.7 108458
31688.1 108453
31697.3 108448

31701.7 108451
31701.6 108451
31701.4 108452
31701.2 108452
31701 108452
31700.8 108452
31697.3 108448
31744.8 108370
31744.8 108370

31749.2 108374
31701.7 108451
31701.7 108451
31744.8 108370
31744.9 108370
31745.2 108370
31745.3 108370
31745.6 108369
31745.9 108369

31781.5 108357
31781.4 108357
31781.1 108357
31780.8 108358
31749.2 108374
31745.9 108369
31777.7 108353

31803.7 108332
31781.5 108357
31777.7 108353
31800 108328
31800.1 108328
31800.3 108328
31800.6 108327
31800.8 108327
31810.2 108323

31813 108328
31813 108328
31803.7 108332
31810.2 108323
31834.2 108299
31834.5 108299
31834.8 108298
31834.9 108298
31835 108298

31837.7 108303
31813.8 108327
31813.5 108328
31813.2 108328
31813 108328
31835 108298
31835 108298
31845.5 108294

31848.2 108299
31848.2 108299
31837.7 108303
31845.5 108294
31871.8 108270

31849 108298
31849 108298
31848.7 108298
31848.4 108299
31848.2 108299
31848.2 108299
31871.8 108270
31871.8 108270
31872.1 108270
31872.4 108270
31872.5 108270
31872.7 108270

31875.2 108275
31849 108298
31872.7 108270
31884.7 108265

31887.9 108270
31887.8 108270
31887.5 108270
31887.3 108270
31887.2 108270
31875.2 108275
31884.7 108265
31918 108239

31921.1 108244
31887.9 108270
31918 108239
31918.1 108239
31918.4 108239
31918.6 108239
31918.7 108239

31971.1 108225
31971 108225
31971 108225
31970.6 108225
31970.5 108225
31921.1 108244
31918.7 108239
31918.8 108239
31968.3 108220

32029.9 108189
31971.2 108225
31971.1 108225
31968.3 108220
32027.3 108184
32027.6 108184
32027.8 108183
32028.1 108183
32032.9 108182

32075.2 108161
32075.2 108161
32075.4 108161
32075.6 108160
32075.7 108160
32075.9 108160
32076 108160

32077.4 108166
32035.2 108187
32034.9 108187
32034.7 108187
32029.9 108189
32032.9 108182
32075.2 108161
32075.2 108161
32076 108160
32098.8 108155

32158.7 108136
32100.8 108160
32100.7 108160
32100.2 108160
32077.4 108166
32098.8 108155
32156.7 108131
32156.8 108131

32286 108107
32274.7 108110
32158.7 108136
32156.8 108131
32156.9 108131
32157.1 108131
32273.2 108105

32370.9 108092
32291.4 108107
32291.2 108107
32286 108107
32273.2 108105
32284.8 108102
32285 108102
32285.2 108102
32290.5 108101

32370.9 108092
32290.5 108101
32370.1 108086
32370.2 108086
32370.4 108086

32583.7 108078
32370.9 108092
32370.4 108086
32583.2 108072
32836.8 108056
32837.2 108056

32837.2 108062
32583.9 108078
32583.7 108078
32837.2 108056

32837.2 108062
32837.2 108056
37802.6 108056
37802.6 108062

