19147.1 47733.3
18559.9 48320.6
18557.7 48318.4
19145.1 47731
19147.1 47733.3

19378.6 47543.4
19147.1 47733.3
19145.1 47731
19376.8 47541
19378.6 47543.4

19464.6 47481.5
19378.6 47543.4
19376.8 47541
19462.8 47479.1
19464.6 47481.5

19597.3 47403.9
19464.6 47481.5
19462.8 47479.1
19595.7 47401.3
19597.3 47403.9

19634.8 47376.9
19597.3 47403.9
19595.7 47401.3
19633.2 47374.4
19634.8 47376.9

19767.6 47299.3
19634.8 47376.9
19633.2 47374.4
19765.9 47296.8
19767.6 47299.3

19805.1 47272.3
19767.6 47299.3
19765.9 47296.8
19803.3 47269.9
19805.1 47272.3

19937.8 47194.7
19805.1 47272.3
19803.3 47269.9
19936.2 47192.2
19937.8 47194.7

19975.3 47167.8
19937.8 47194.7
19936.2 47192.2
19973.7 47165.2
19975.3 47167.8

20108.1 47090.1
19975.3 47167.8
19973.7 47165.2
20106.5 47087.6
20108.1 47090.1

20145.6 47063.2
20108.1 47090.1
20106.5 47087.6
20144 47060.6
20145.6 47063.2

20278.4 46985.5
20145.6 47063.2
20144 47060.6
20276.7 46983
20278.4 46985.5

20315.8 46958.6
20278.4 46985.5
20276.7 46983
20314.2 46956
20315.8 46958.6

20448.6 46881
20315.8 46958.6
20314.2 46956
20447 46878.4
20448.6 46881

20486.2 46853.9
20448.6 46881
20447 46878.4
20484.4 46851.5
20486.2 46853.9

20618.9 46776.3
20486.2 46853.9
20484.4 46851.5
20617.2 46773.8
20618.9 46776.3

20656.4 46749.3
20618.9 46776.3
20617.2 46773.8
20654.6 46746.9
20656.4 46749.3

20789.1 46671.7
20656.4 46749.3
20654.6 46746.9
20787.5 46669.2
20789.1 46671.7

20826.6 46644.8
20789.1 46671.7
20787.5 46669.2
20825 46642.2
20826.6 46644.8

20959.4 46567.1
20826.6 46644.8
20825 46642.2
20957.8 46564.6
20959.4 46567.1

20996.9 46540.2
20959.4 46567.1
20957.8 46564.6
20995.3 46537.6
20996.9 46540.2

21129.7 46462.5
20996.9 46540.2
20995.3 46537.6
21128 46460
21129.7 46462.5

21167.1 46435.6
21129.7 46462.5
21128 46460
21165.5 46433
21167.1 46435.6

21299.9 46358
21167.1 46435.6
21165.5 46433
21298.3 46355.4
21299.9 46358

21337.5 46330.9
21299.9 46358
21298.3 46355.4
21335.7 46328.5
21337.5 46330.9

21470.2 46253.3
21337.5 46330.9
21335.7 46328.5
21468.6 46250.8
21470.2 46253.3

21507.7 46226.3
21470.2 46253.3
21468.6 46250.8
21506.1 46223.8
21507.7 46226.3

21640.5 46148.7
21507.7 46226.3
21506.1 46223.8
21638.8 46146.2
21640.5 46148.7

21678 46121.7
21640.5 46148.7
21638.8 46146.2
21676.2 46119.3
21678 46121.7

21810.7 46044.1
21678 46121.7
21676.2 46119.3
21809.1 46041.6
21810.7 46044.1

21848.2 46017.2
21810.7 46044.1
21809.1 46041.6
21846.6 46014.6
21848.2 46017.2

21981 45939.5
21848.2 46017.2
21846.6 46014.6
21979.3 45937
21981 45939.5

22018.5 45912.5
21981 45939.5
21979.3 45937
22016.7 45910.1
22018.5 45912.5

22151.2 45834.9
22018.5 45912.5
22016.7 45910.1
22149.6 45832.3
22151.2 45834.9

22188.7 45807.9
22151.2 45834.9
22149.6 45832.3
22187.1 45805.4
22188.7 45807.9

22322.7 45729.6
22188.7 45807.9
22187.1 45805.4
22321 45727.1
22322.7 45729.6

17959.6 31529
17957.7 31517.1
17960.7 31517.1
17962.6 31528.9
17959.6 31529

17950 31578.1
17959.6 31529
17962.6 31528.9
17953 31576.8
17950 31578.1

17952.5 31592.7
17950 31578.1
17953 31576.8
17955.5 31592.8
17952.5 31592.7

17943.1 31640
17952.5 31592.7
17955.5 31592.8
17946.1 31640.1
17943.1 31640

17945.6 31656.1
17943.1 31640
17946.1 31640.1
17948.6 31656
17945.6 31656.1

17936.2 31704.4
17945.6 31656.1
17948.6 31656
17939.2 31703
17936.2 31704.4

17938.8 31719
17936.2 31704.4
17939.2 31703
17941.8 31718.9
17938.8 31719

17929.2 31766.2
17938.8 31719
17941.8 31718.9
17932.2 31766.8
17929.2 31766.2

17931.7 31782.6
17929.2 31766.2
17932.2 31766.8
17934.7 31782.5
17931.7 31782.6

17922.2 31830.2
17931.7 31782.6
17934.7 31782.5
17925.2 31830.3
17922.2 31830.2

17924.7 31846.2
17922.2 31830.2
17925.2 31830.3
17927.7 31846.3
17924.7 31846.2

17915.3 31893.2
17924.7 31846.2
17927.7 31846.3
17918.3 31893.3
17915.3 31893.2

17917.9 31909.4
17915.3 31893.2
17918.3 31893.3
17920.9 31909.6
17917.9 31909.4

17908.4 31958
17917.9 31909.4
17920.9 31909.6
17911.4 31956.8
17908.4 31958

17911 31972.6
17908.4 31958
17911.4 31956.8
17914 31972.5
17911 31972.6

17901.5 32021.3
17911 31972.6
17914 31972.5
17904.5 32020
17901.5 32021.3

17930 32186.7
17901.5 32021.3
17904.5 32020
17933 32186.5
17930 32186.7

17928.9 32336
17930 32186.7
17933 32186.5
17931.9 32335.9
17928.9 32336

17934 32353.5
17928.9 32336
17931.9 32335.9
17937 32353.2
17934 32353.5

17933.6 32409.2
17934 32353.5
17937 32353.2
17936.6 32409.1
17933.6 32409.2

17938.7 32426.9
17933.6 32409.2
17936.6 32409.1
17941.7 32426.6
17938.7 32426.9

17938.3 32482.3
17938.7 32426.9
17941.7 32426.6
17941.3 32482.2
17938.3 32482.3

17943.3 32499.8
17938.3 32482.3
17941.3 32482.2
17946.3 32499.5
17943.3 32499.8

17943.1 32528.2
17943.3 32499.8
17946.3 32499.5
17946.1 32528.3
17943.1 32528.2

17926.4 32700.8
17943.1 32528.2
17946.1 32528.3
17929.4 32700.7
17926.4 32700.8

17961.8 32868.9
17926.4 32700.8
17929.4 32700.7
17964.8 32868.6
17961.8 32868.9

17940.3 33139.5
17961.8 32868.9
17964.8 32868.6
17943.3 33139
17940.3 33139.5

17973 33296.5
17940.3 33139.5
17943.3 33139
17976 33296.2
17973 33296.5

17950.9 33565.9
17973 33296.5
17976 33296.2
17953.9 33565.4
17950.9 33565.9

17998.7 33794.7
17950.9 33565.9
17953.9 33565.4
18001.7 33794.4
17998.7 33794.7

17998.8 33856.6
17998.7 33794.7
18001.7 33794.4
18001.8 33856.4
17998.8 33856.6

18020.4 33967.3
17998.8 33856.6
18001.8 33856.4
18023.4 33967
18020.4 33967.3

17998.3 34238.1
18020.4 33967.3
18023.4 33967
18001.3 34237.6
17998.3 34238.1

18045.1 34462.5
17998.3 34238.1
18001.3 34237.6
18048.1 34462.2
18045.1 34462.5

18045.3 34525.2
18045.1 34462.5
18048.1 34462.2
18048.3 34525
18045.3 34525.2

18078.1 34693.3
18045.3 34525.2
18048.3 34525
18081.1 34693
18078.1 34693.3

18075.8 34746.1
18078.1 34693.3
18081.1 34693
18078.8 34745.6
18075.8 34746.1

18097.3 34851.8
18075.8 34746.1
18078.8 34745.6
18100.3 34851.5
18097.3 34851.8

18096.5 34972.6
18097.3 34851.8
18100.3 34851.5
18099.5 34972.5
18096.5 34972.6

18101.4 34989.8
18096.5 34972.6
18099.5 34972.5
18104.4 34989.5
18101.4 34989.8

18101.1 35045.3
18101.4 34989.8
18104.4 34989.5
18104.1 35045.2
18101.1 35045.3

18106.1 35062.9
18101.1 35045.3
18104.1 35045.2
18109.1 35062.6
18106.1 35062.9

18105.7 35118.3
18106.1 35062.9
18109.1 35062.6
18108.7 35118.2
18105.7 35118.3

18110.8 35135.9
18105.7 35118.3
18108.7 35118.2
18113.8 35135.6
18110.8 35135.9

18110.4 35191.9
18110.8 35135.9
18113.8 35135.6
18113.4 35191.8
18110.4 35191.9

18115.4 35209.5
18110.4 35191.9
18113.4 35191.8
18118.4 35209.2
18115.4 35209.5

18115 35265.1
18115.4 35209.5
18118.4 35209.2
18118 35264.8
18115 35265.1

18120.1 35282.4
18115 35265.1
18118 35264.8
18123.1 35282.1
18120.1 35282.4

18119.7 35338.2
18120.1 35282.4
18123.1 35282.1
18122.7 35338.1
18119.7 35338.2

18124.7 35355.8
18119.7 35338.2
18122.7 35338.1
18127.7 35355.5
18124.7 35355.8

18124.3 35411.6
18124.7 35355.8
18127.7 35355.5
18127.3 35411.5
18124.3 35411.6

18129.4 35429.1
18124.3 35411.6
18127.3 35411.5
18132.4 35428.8
18129.4 35429.1

18129 35484.5
18129.4 35429.1
18132.4 35428.8
18132 35484.4
18129 35484.5

18134 35502.1
18129 35484.5
18132 35484.4
18137 35501.8
18134 35502.1

18133.8 35559.2
18134 35502.1
18137 35501.8
18136.8 35558.6
18133.8 35559.2

18144.7 35596.1
18133.8 35559.2
18136.8 35558.6
18147.6 35595.4
18144.7 35596.1

18177 35838.5
18144.7 35596.1
18147.6 35595.4
18179.8 35837.7
18177 35838.5

18194.5 35879.5
18177 35838.5
18179.8 35837.7
18197.4 35878.6
18194.5 35879.5

18206.3 35945.7
18194.5 35879.5
18197.4 35878.6
18209.3 35945
18206.3 35945.7

18214.8 35966
18206.3 35945.7
18209.3 35945
18217.7 35965.1
18214.8 35966

18227.3 36034.6
18214.8 35966
18217.7 35965.1
18230.1 36033.6
18227.3 36034.6

18235.5 36053.8
18227.3 36034.6
18230.1 36033.6
18238.3 36052.9
18235.5 36053.8

18247.8 36122.3
18235.5 36053.8
18238.3 36052.9
18250.6 36121.3
18247.8 36122.3

18256 36141.6
18247.8 36122.3
18250.6 36121.3
18258.9 36140.7
18256 36141.6

18268.4 36210.3
18256 36141.6
18258.9 36140.7
18271.2 36209.3
18268.4 36210.3

18276.7 36229.5
18268.4 36210.3
18271.2 36209.3
18279.5 36228.6
18276.7 36229.5

18289 36298.1
18276.7 36229.5
18279.5 36228.6
18291.8 36297.1
18289 36298.1

18297.2 36317.4
18289 36298.1
18291.8 36297.1
18300.1 36316.5
18297.2 36317.4

18309.6 36385.9
18297.2 36317.4
18300.1 36316.5
18312.4 36384.9
18309.6 36385.9

18317.8 36405.1
18309.6 36385.9
18312.4 36384.9
18320.7 36404.4
18317.8 36405.1

18330.2 36473.8
18317.8 36405.1
18320.7 36404.4
18333 36472.8
18330.2 36473.8

18338.3 36493
18330.2 36473.8
18333 36472.8
18341.2 36492.1
18338.3 36493

18343.2 36520.3
18338.3 36493
18341.2 36492.1
18346.2 36519.8
18343.2 36520.3

18348.7 36569.5
18343.2 36520.3
18346.2 36519.8
18351.7 36569
18348.7 36569.5

18357.6 36598.1
18348.7 36569.5
18351.7 36569
18360.6 36597.6
18357.6 36598.1

18387.1 36817.7
18357.6 36598.1
18360.6 36597.6
18390.1 36817.2
18387.1 36817.7

18452.3 37026.6
18387.1 36817.7
18390.1 36817.2
18455.1 37025.7
18452.3 37026.6

18480.8 37098.7
18452.3 37026.6
18455.1 37025.7
18483.7 37097.8
18480.8 37098.7

18498.2 37181.2
18493.8 37170.4
18480.8 37098.7
18483.7 37097.8
18496.6 37169.4
18498.2 37181.2

18498.2 37181.2
18496.6 37169.4
18501.1 37180.3
18498.2 37181.2

18516.8 37349.6
18498.2 37181.2
18501.1 37180.3
18519.8 37349.1
18516.8 37349.6

18525.4 37377.6
18516.8 37349.6
18519.8 37349.1
18528.4 37377.1
18525.4 37377.6

18554.8 37596.7
18525.4 37377.6
18528.4 37377.1
18557.8 37596.2
18554.8 37596.7

18601.2 37747.1
18554.8 37596.7
18557.8 37596.2
18604 37745.9
18601.2 37747.1

18641.8 37821
18601.2 37747.1
18604 37745.9
18644.6 37819.9
18641.8 37821

18650 37892.1
18641.8 37821
18644.6 37819.9
18653 37891.6
18650 37892.1

18701.8 38054.5
18650 37892.1
18653 37891.6
18704.7 38053.6
18701.8 38054.5

18726.6 38145.9
18701.8 38054.5
18704.7 38053.6
18729.6 38145.3
18726.6 38145.9

18741.9 38230.6
18726.6 38145.9
18729.6 38145.3
18744.7 38229.6
18741.9 38230.6

18750 38249.8
18741.9 38230.6
18744.7 38229.6
18753 38249.1
18750 38249.8

18762.5 38318.5
18750 38249.8
18753 38249.1
18765.3 38317.5
18762.5 38318.5

18770 38336.2
18762.5 38318.5
18765.3 38317.5
18772.8 38335.3
18770 38336.2

18785.7 38442.1
18770 38336.2
18772.8 38335.3
18788.7 38441.5
18785.7 38442.1

18829.4 38584.8
18785.7 38442.1
18788.7 38441.5
18832.4 38584.2
18829.4 38584.8

18844.8 38669.9
18829.4 38584.8
18832.4 38584.2
18847.6 38668.9
18844.8 38669.9

18853 38689.1
18844.8 38669.9
18847.6 38668.9
18855.9 38688.4
18853 38689.1

18865.4 38757.7
18853 38689.1
18855.9 38688.4
18868.2 38756.8
18865.4 38757.7

18873.5 38777
18865.4 38757.7
18868.2 38756.8
18876.4 38776.1
18873.5 38777

18886 38845.5
18873.5 38777
18876.4 38776.1
18888.8 38844.6
18886 38845.5

18894.2 38864.8
18886 38845.5
18888.8 38844.6
18897 38863.9
18894.2 38864.8

18906.2 38932.4
18894.2 38864.8
18897 38863.9
18909.2 38931.7
18906.2 38932.4

18914.8 38952.6
18906.2 38932.4
18909.2 38931.7
18917.6 38951.7
18914.8 38952.6

18927.1 39021.2
18914.8 38952.6
18917.6 38951.7
18929.9 39020.2
18927.1 39021.2

18935.3 39040.4
18927.1 39021.2
18929.9 39020.2
18938.2 39039.5
18935.3 39040.4

18944 39088.6
18935.3 39040.4
18938.2 39039.5
18946.9 39087.8
18944 39088.6

18997.4 39264.5
18944 39088.6
18946.9 39087.8
19000.1 39263.2
18997.4 39264.5

19019.7 39303.9
18997.4 39264.5
19000.1 39263.2
19022.5 39302.7
19019.7 39303.9

19052.3 39391.6
19019.7 39303.9
19022.5 39302.7
19055.1 39390.3
19052.3 39391.6

19066.3 39416.4
19052.3 39391.6
19055.1 39390.3
19069.1 39415.2
19066.3 39416.4

19099.1 39504.8
19066.3 39416.4
19069.1 39415.2
19101.9 39503.6
19099.1 39504.8

19113.1 39529.5
19099.1 39504.8
19101.9 39503.6
19115.9 39528.3
19113.1 39529.5

19145.9 39617.9
19113.1 39529.5
19115.9 39528.3
19148.7 39616.7
19145.9 39617.9

19159.9 39642.6
19145.9 39617.9
19148.7 39616.7
19162.7 39641.4
19159.9 39642.6

19192.7 39730.9
19159.9 39642.6
19162.7 39641.4
19195.5 39729.7
19192.7 39730.9

19206.6 39755.6
19192.7 39730.9
19195.5 39729.7
19209.4 39754.4
19206.6 39755.6

19239.4 39843.9
19206.6 39755.6
19209.4 39754.4
19242.2 39842.7
19239.4 39843.9

19253.4 39868.8
19239.4 39843.9
19242.2 39842.7
19256.2 39867.5
19253.4 39868.8

19286.2 39957
19253.4 39868.8
19256.2 39867.5
19289 39955.8
19286.2 39957

19300.2 39981.8
19286.2 39957
19289 39955.8
19303 39980.6
19300.2 39981.8

19333 40070.1
19300.2 39981.8
19303 39980.6
19335.8 40068.9
19333 40070.1

19346.9 40094.9
19333 40070.1
19335.8 40068.9
19349.7 40093.7
19346.9 40094.9

19379.8 40183.2
19346.9 40094.9
19349.7 40093.7
19382.6 40181.9
19379.8 40183.2

19393.7 40207.9
19379.8 40183.2
19382.6 40181.9
19396.5 40206.7
19393.7 40207.9

19411.7 40256.2
19393.7 40207.9
19396.5 40206.7
19414.5 40255.2
19411.7 40256.2

19448.4 40367
19411.7 40256.2
19414.5 40255.2
19451.2 40365.8
19448.4 40367

19467.6 40411.2
19448.4 40367
19451.2 40365.8
19470.5 40410.3
19467.6 40411.2

19533.8 40546.5
19467.6 40411.2
19470.5 40410.3
19536.6 40545.3
19533.8 40546.5

19566.8 40635.4
19533.8 40546.5
19536.6 40545.3
19569.6 40634.2
19566.8 40635.4

19580.8 40660.2
19566.8 40635.4
19569.6 40634.2
19583.6 40659
19580.8 40660.2

19622 40762.9
19609.7 40737.8
19580.8 40660.2
19583.6 40659
19612.5 40736.6
19622 40762.9

19662.3 40864.9
19622 40762.9
19612.5 40736.6
19624.8 40761.8
19665.1 40863.7
19662.3 40864.9

19674.3 40886.2
19662.3 40864.9
19665.1 40863.7
19677.1 40885
19674.3 40886.2

19707.2 40974.6
19674.3 40886.2
19677.1 40885
19710 40973.3
19707.2 40974.6

19721.2 40999.4
19707.2 40974.6
19710 40973.3
19724 40998.2
19721.2 40999.4

19754 41087.8
19721.2 40999.4
19724 40998.2
19756.8 41086.6
19754 41087.8

19768 41112.5
19754 41087.8
19756.8 41086.6
19770.8 41111.3
19768 41112.5

19800.8 41200.8
19768 41112.5
19770.8 41111.3
19803.6 41199.6
19800.8 41200.8

19814.7 41225.5
19800.8 41200.8
19803.6 41199.6
19817.5 41224.3
19814.7 41225.5

19847.5 41313.8
19814.7 41225.5
19817.5 41224.3
19850.3 41312.6
19847.5 41313.8

19861.5 41338.7
19847.5 41313.8
19850.3 41312.6
19864.3 41337.4
19861.5 41338.7

19894.3 41426.9
19861.5 41338.7
19864.3 41337.4
19897.1 41425.7
19894.3 41426.9

19908.3 41451.6
19894.3 41426.9
19897.1 41425.7
19911.1 41450.4
19908.3 41451.6

19941.1 41540
19908.3 41451.6
19911.1 41450.4
19943.9 41538.8
19941.1 41540

19955 41564.8
19941.1 41540
19943.9 41538.8
19957.8 41563.6
19955 41564.8

19987.8 41653.1
19955 41564.8
19957.8 41563.6
19990.6 41651.8
19987.8 41653.1

20001.8 41677.9
19987.8 41653.1
19990.6 41651.8
20004.6 41676.7
20001.8 41677.9

20034.6 41766.1
20001.8 41677.9
20004.6 41676.7
20037.4 41764.8
20034.6 41766.1

20048.6 41790.9
20034.6 41766.1
20037.4 41764.8
20051.4 41789.7
20048.6 41790.9

20081.4 41879.2
20048.6 41790.9
20051.4 41789.7
20084.2 41877.9
20081.4 41879.2

20095.4 41904.1
20081.4 41879.2
20084.2 41877.9
20098.2 41902.8
20095.4 41904.1

20128.2 41992.3
20095.4 41904.1
20098.2 41902.8
20131 41991.1
20128.2 41992.3

20142.1 42017
20128.2 41992.3
20131 41991.1
20144.9 42015.8
20142.1 42017

20175 42105.4
20142.1 42017
20144.9 42015.8
20177.8 42104.2
20175 42105.4

20188.9 42130.1
20175 42105.4
20177.8 42104.2
20191.7 42128.9
20188.9 42130.1

20221.7 42218.4
20188.9 42130.1
20191.7 42128.9
20224.5 42217.2
20221.7 42218.4

20235.7 42243.2
20221.7 42218.4
20224.5 42217.2
20238.5 42242
20235.7 42243.2

20268.5 42331.5
20235.7 42243.2
20238.5 42242
20271.3 42330.3
20268.5 42331.5

20282.4 42356.2
20268.5 42331.5
20271.3 42330.3
20285.2 42355
20282.4 42356.2

20318.8 42454.2
20282.4 42356.2
20285.2 42355
20321.6 42452.9
20318.8 42454.2

20354.2 42504.9
20318.8 42454.2
20321.6 42452.9
20356.7 42503.3
20354.2 42504.9

20432.6 42639
20354.2 42504.9
20356.7 42503.3
20435 42637.2
20432.6 42639

20459.6 42676.5
20432.6 42639
20435 42637.2
20462.1 42674.8
20459.6 42676.5

20537.2 42809.2
20459.6 42676.5
20462.1 42674.8
20539.8 42807.6
20537.2 42809.2

20564 42846.6
20537.2 42809.2
20539.8 42807.6
20566.6 42845
20564 42846.6

20641.8 42979.6
20564 42846.6
20566.6 42845
20644.2 42977.8
20641.8 42979.6

20668.8 43017.1
20641.8 42979.6
20644.2 42977.8
20671.3 43015.4
20668.8 43017.1

20746.3 43149.7
20668.8 43017.1
20671.3 43015.4
20748.8 43148.1
20746.3 43149.7

20773.2 43187.2
20746.3 43149.7
20748.8 43148.1
20775.8 43185.6
20773.2 43187.2

20851 43320.1
20773.2 43187.2
20775.8 43185.6
20853.4 43318.3
20851 43320.1

20877.9 43357.4
20851 43320.1
20853.4 43318.3
20880.5 43355.8
20877.9 43357.4

20955.5 43490.2
20877.9 43357.4
20880.5 43355.8
20958.1 43488.6
20955.5 43490.2

20982.5 43527.7
20955.5 43490.2
20958.1 43488.6
20985.1 43526.1
20982.5 43527.7

21060.1 43660.5
20982.5 43527.7
20985.1 43526.1
21062.7 43658.9
21060.1 43660.5

21087.1 43698
21060.1 43660.5
21062.7 43658.9
21089.7 43696.4
21087.1 43698

21164.7 43830.8
21087.1 43698
21089.7 43696.4
21167.3 43829.2
21164.7 43830.8

21191.8 43868.3
21164.7 43830.8
21167.3 43829.2
21194.3 43866.6
21191.8 43868.3

21269.4 44001.1
21191.8 43868.3
21194.3 43866.6
21272 43999.5
21269.4 44001.1

21296.2 44038.5
21269.4 44001.1
21272 43999.5
21298.8 44036.9
21296.2 44038.5

21374 44171.4
21296.2 44038.5
21298.8 44036.9
21376.4 44169.6
21374 44171.4

21400.9 44208.7
21374 44171.4
21376.4 44169.6
21403.5 44207.1
21400.9 44208.7

21478.5 44341.5
21400.9 44208.7
21403.5 44207.1
21481.1 44339.9
21478.5 44341.5

21505.5 44379
21478.5 44341.5
21481.1 44339.9
21508.1 44377.4
21505.5 44379

21583.1 44511.8
21505.5 44379
21508.1 44377.4
21585.7 44510.2
21583.1 44511.8

21610 44549.3
21583.1 44511.8
21585.7 44510.2
21612.6 44547.7
21610 44549.3

21687.8 44682.2
21610 44549.3
21612.6 44547.7
21690.2 44680.4
21687.8 44682.2

21714.8 44719.6
21687.8 44682.2
21690.2 44680.4
21717.3 44717.9
21714.8 44719.6

21792.4 44852.3
21714.8 44719.6
21717.3 44717.9
21795 44850.7
21792.4 44852.3

21819.3 44889.8
21792.4 44852.3
21795 44850.7
21821.9 44888.2
21819.3 44889.8

21896.9 45022.6
21819.3 44889.8
21821.9 44888.2
21899.5 45021
21896.9 45022.6

21923.9 45060
21896.9 45022.6
21899.5 45021
21926.5 45058.4
21923.9 45060

22001.5 45192.8
21923.9 45060
21926.5 45058.4
22004.1 45191.2
22001.5 45192.8

22028.6 45230.4
22001.5 45192.8
22004.1 45191.2
22031.1 45228.7
22028.6 45230.4

22106.2 45363.1
22028.6 45230.4
22031.1 45228.7
22108.8 45361.5
22106.2 45363.1

22168.1 45449.4
22106.2 45363.1
22108.8 45361.5
22170.4 45447.4
22168.1 45449.4

22370.2 45692.9
22358.2 45680.9
22168.1 45449.4
22170.4 45447.4
22360.5 45678.9
22370.2 45692.9

22370.2 45692.9
22360.5 45678.9
22372.9 45691.4
22370.2 45692.9

22373.1 45694.5
22322.7 45729.6
22321 45727.1
22370.2 45692.9
22372.9 45691.4
22373.1 45694.5

22471.1 45658.1
22373.1 45694.5
22372.9 45691.4
22469.9 45655.3
22471.1 45658.1

22495.8 45644.2
22471.1 45658.1
22469.9 45655.3
22494.6 45641.4
22495.8 45644.2

22584 45611.4
22495.8 45644.2
22494.6 45641.4
22582.8 45608.6
22584 45611.4

22608.8 45597.4
22584 45611.4
22582.8 45608.6
22607.6 45594.6
22608.8 45597.4

22697.1 45564.6
22608.8 45597.4
22607.6 45594.6
22695.8 45561.8
22697.1 45564.6

22722 45550.6
22697.1 45564.6
22695.8 45561.8
22720.7 45547.8
22722 45550.6

22810.2 45517.8
22722 45550.6
22720.7 45547.8
22809 45515
22810.2 45517.8

22835 45503.8
22810.2 45517.8
22809 45515
22833.8 45501
22835 45503.8

22923.2 45471
22835 45503.8
22833.8 45501
22922 45468.2
22923.2 45471

22948 45457.1
22923.2 45471
22922 45468.2
22946.8 45454.3
22948 45457.1

23036.3 45424.3
22948 45457.1
22946.8 45454.3
23035 45421.5
23036.3 45424.3

23061.2 45410.3
23036.3 45424.3
23035 45421.5
23059.9 45407.5
23061.2 45410.3

23149.4 45377.5
23061.2 45410.3
23059.9 45407.5
23148.2 45374.7
23149.4 45377.5

23174.1 45363.5
23149.4 45377.5
23148.2 45374.7
23172.9 45360.7
23174.1 45363.5

23262.5 45330.7
23174.1 45363.5
23172.9 45360.7
23261.3 45327.9
23262.5 45330.7

23287.2 45316.7
23262.5 45330.7
23261.3 45327.9
23286 45313.9
23287.2 45316.7

23375.6 45283.9
23287.2 45316.7
23286 45313.9
23374.4 45281.1
23375.6 45283.9

23400.3 45270
23375.6 45283.9
23374.4 45281.1
23399.1 45267.2
23400.3 45270

23488.7 45237.1
23400.3 45270
23399.1 45267.2
23487.5 45234.3
23488.7 45237.1

23513.4 45223.2
23488.7 45237.1
23487.5 45234.3
23512.2 45220.4
23513.4 45223.2

23601.7 45190.4
23513.4 45223.2
23512.2 45220.4
23600.5 45187.6
23601.7 45190.4

23626.4 45176.4
23601.7 45190.4
23600.5 45187.6
23625.2 45173.6
23626.4 45176.4

23714.7 45143.6
23626.4 45176.4
23625.2 45173.6
23713.5 45140.8
23714.7 45143.6

23739.5 45129.6
23714.7 45143.6
23713.5 45140.8
23738.3 45126.8
23739.5 45129.6

23827.8 45096.8
23739.5 45129.6
23738.3 45126.8
23826.5 45094
23827.8 45096.8

23852.6 45082.8
23827.8 45096.8
23826.5 45094
23851.4 45080
23852.6 45082.8

23941.1 45050
23852.6 45082.8
23851.4 45080
23939.9 45047.2
23941.1 45050

23962.5 45037.9
23941.1 45050
23939.9 45047.2
23961.2 45035.2
23962.5 45037.9

24089.3 44985.3
24064.3 44997.7
23962.5 45037.9
23961.2 45035.2
24063 44995
24089.3 44985.3

24167 44956.5
24089.3 44985.3
24063 44995
24088.2 44982.5
24165.8 44953.7
24167 44956.5

24191.8 44942.5
24167 44956.5
24165.8 44953.7
24190.6 44939.7
24191.8 44942.5

24280.7 44909.5
24191.8 44942.5
24190.6 44939.7
24279.5 44906.7
24280.7 44909.5

24415.8 44843.3
24280.7 44909.5
24279.5 44906.7
24414.9 44840.4
24459 44821.3
24415.8 44843.3

24460.2 44824.1
24415.8 44843.3
24459 44821.3
24460.2 44824.1

24619.3 44769.4
24570.8 44787.3
24460.2 44824.1
24459 44821.3
24569.8 44784.5
24619.3 44769.4

24619.3 44769.4
24569.8 44784.5
24618.1 44766.6
24619.3 44769.4

24644.2 44755.4
24619.3 44769.4
24618.1 44766.6
24642.9 44752.6
24644.2 44755.4

24732.4 44722.6
24644.2 44755.4
24642.9 44752.6
24731.2 44719.8
24732.4 44722.6

24757.1 44708.6
24732.4 44722.6
24731.2 44719.8
24755.9 44705.8
24757.1 44708.6

24845.4 44675.8
24757.1 44708.6
24755.9 44705.8
24844.2 44673
24845.4 44675.8

24870.2 44661.8
24845.4 44675.8
24844.2 44673
24869 44659
24870.2 44661.8

24958.5 44629.1
24870.2 44661.8
24869 44659
24957.3 44626.3
24958.5 44629.1

24983.3 44615.1
24958.5 44629.1
24957.3 44626.3
24982.1 44612.3
24983.3 44615.1

25071.6 44582.3
24983.3 44615.1
24982.1 44612.3
25070.4 44579.5
25071.6 44582.3

25096.3 44568.3
25071.6 44582.3
25070.4 44579.5
25095.1 44565.5
25096.3 44568.3

25184.6 44535.5
25096.3 44568.3
25095.1 44565.5
25183.4 44532.7
25184.6 44535.5

25209.4 44521.6
25184.6 44535.5
25183.4 44532.7
25208.2 44518.8
25209.4 44521.6

25297.7 44488.7
25209.4 44521.6
25208.2 44518.8
25296.5 44485.9
25297.7 44488.7

25322.5 44474.8
25297.7 44488.7
25296.5 44485.9
25321.3 44472
25322.5 44474.8

25410.8 44442
25322.5 44474.8
25321.3 44472
25409.5 44439.2
25410.8 44442

25435.7 44428
25410.8 44442
25409.5 44439.2
25434.4 44425.2
25435.7 44428

25523.3 44395.4
25435.7 44428
25434.4 44425.2
25522.1 44392.6
25523.3 44395.4

25563.5 44372.6
25523.3 44395.4
25522.1 44392.6
25562.5 44369.8
25563.5 44372.6

25738.1 44319.8
25563.5 44372.6
25562.5 44369.8
25737.5 44316.8
25738.1 44319.8

25786.3 44311.1
25738.1 44319.8
25737.5 44316.8
25785.6 44308.2
25786.3 44311.1

25805.8 44302.8
25786.3 44311.1
25785.6 44308.2
25804.8 44300
25805.8 44302.8

25874.3 44290.5
25805.8 44302.8
25804.8 44300
25873.4 44287.7
25874.3 44290.5

25893.7 44282.2
25874.3 44290.5
25873.4 44287.7
25892.7 44279.4
25893.7 44282.2

25962.1 44269.9
25893.7 44282.2
25892.7 44279.4
25961.2 44267.1
25962.1 44269.9

25981.5 44261.6
25962.1 44269.9
25961.2 44267.1
25980.5 44258.8
25981.5 44261.6

26050 44249.3
25981.5 44261.6
25980.5 44258.8
26049.1 44246.4
26050 44249.3

26069.3 44241
26050 44249.3
26049.1 44246.4
26068.3 44238.2
26069.3 44241

26137.8 44228.7
26069.3 44241
26068.3 44238.2
26136.9 44225.8
26137.8 44228.7

26157.8 44220.3
26137.8 44228.7
26136.9 44225.8
26157.1 44217.3
26157.8 44220.3

26241.8 44205.3
26157.8 44220.3
26157.1 44217.3
26241.2 44202.3
26241.8 44205.3

26385.5 44161.3
26241.8 44205.3
26241.2 44202.3
26385.1 44158.3
26385.5 44161.3

26490.8 44145.7
26385.5 44161.3
26385.1 44158.3
26489.9 44142.8
26490.8 44145.7

26508.5 44138.1
26490.8 44145.7
26489.9 44142.8
26507.5 44135.3
26508.5 44138.1

26577.1 44125.8
26508.5 44138.1
26507.5 44135.3
26576.2 44122.9
26577.1 44125.8

26596.4 44117.5
26577.1 44125.8
26576.2 44122.9
26595.4 44114.7
26596.4 44117.5

26680.7 44102.4
26596.4 44117.5
26595.4 44114.7
26680.1 44099.4
26680.7 44102.4

26772.4 44077.5
26680.7 44102.4
26680.1 44099.4
26771.5 44074.7
26772.4 44077.5

26934.4 44025.9
26772.4 44077.5
26771.5 44074.7
26933.9 44022.9
26934.4 44025.9

27006.1 44017.5
26934.4 44025.9
26933.9 44022.9
27005 44014.7
27006.1 44017.5

27080.1 43976.9
27006.1 44017.5
27005 44014.7
27078.9 43974.1
27080.1 43976.9

27229.8 43930.7
27080.1 43976.9
27078.9 43974.1
27229.3 43927.7
27229.8 43930.7

27448.9 43901.3
27229.8 43930.7
27229.3 43927.7
27448.4 43898.3
27448.9 43901.3

27476.9 43892.6
27448.9 43901.3
27448.4 43898.3
27476.4 43889.6
27476.9 43892.6

27645.7 43873.9
27476.9 43892.6
27476.4 43889.6
27644.8 43871
27645.7 43873.9

27657.4 43869.3
27645.7 43873.9
27644.8 43871
27656.6 43866.3
27657.4 43869.3

27728.2 43856.5
27657.4 43869.3
27656.6 43866.3
27727.3 43853.7
27728.2 43856.5

27800.4 43828
27728.2 43856.5
27727.3 43853.7
27799.3 43825.2
27800.4 43828

28008.8 43763
27800.4 43828
27799.3 43825.2
28008.3 43760
28008.8 43763

28228.4 43733.4
28008.8 43763
28008.3 43760
28227.9 43730.4
28228.4 43733.4

28257 43724.6
28228.4 43733.4
28227.9 43730.4
28256.5 43721.6
28257 43724.6

28333.9 43714.1
28306.2 43719.1
28257 43724.6
28256.5 43721.6
28305.7 43716.1
28333.9 43714.1

28333.9 43714.1
28305.7 43716.1
28333 43711.2
28333.9 43714.1

28353.2 43705.8
28333.9 43714.1
28333 43711.2
28352.2 43703
28353.2 43705.8

28421.8 43693.5
28353.2 43705.8
28352.2 43703
28420.9 43690.7
28421.8 43693.5

28441.2 43685.2
28421.8 43693.5
28420.9 43690.7
28440.2 43682.4
28441.2 43685.2

28509.5 43672.9
28441.2 43685.2
28440.2 43682.4
28508.6 43670.1
28509.5 43672.9

28528.9 43664.7
28509.5 43672.9
28508.6 43670.1
28528 43661.9
28528.9 43664.7

28597.2 43652.4
28528.9 43664.7
28528 43661.9
28596.5 43649.4
28597.2 43652.4

28616.7 43644.1
28597.2 43652.4
28596.5 43649.4
28615.7 43641.3
28616.7 43644.1

28685.3 43631.7
28616.7 43644.1
28615.7 43641.3
28684.4 43628.8
28685.3 43631.7

28704.6 43623.5
28685.3 43631.7
28684.4 43628.8
28703.7 43620.7
28704.6 43623.5

28773.1 43611.2
28704.6 43623.5
28703.7 43620.7
28772.2 43608.3
28773.1 43611.2

28792.5 43602.9
28773.1 43611.2
28772.2 43608.3
28791.5 43600.1
28792.5 43602.9

28860.9 43590.6
28792.5 43602.9
28791.5 43600.1
28860 43587.8
28860.9 43590.6

28880.3 43582.3
28860.9 43590.6
28860 43587.8
28879.3 43579.5
28880.3 43582.3

28947.5 43570.2
28880.3 43582.3
28879.3 43579.5
28946.6 43567.3
28947.5 43570.2

28988.4 43552.7
28947.5 43570.2
28946.6 43567.3
28987.4 43549.9
28988.4 43552.7

29230.5 43520.6
28988.4 43552.7
28987.4 43549.9
29230 43517.6
29230.5 43520.6

29268.2 43509.5
29230.5 43520.6
29230 43517.6
29268.1 43506.5
29268.2 43509.5

29324.2 43509.9
29268.2 43509.5
29268.1 43506.5
29323.9 43506.9
29324.2 43509.9

29341.6 43504.9
29324.2 43509.9
29323.9 43506.9
29341.5 43501.9
29341.6 43504.9

29397.2 43505.2
29341.6 43504.9
29341.5 43501.9
29396.9 43502.2
29397.2 43505.2

29414.5 43500.2
29397.2 43505.2
29396.9 43502.2
29414.4 43497.2
29414.5 43500.2

29470.6 43500.6
29414.5 43500.2
29414.4 43497.2
29470.3 43497.6
29470.6 43500.6

29487.1 43495.7
29470.6 43500.6
29470.3 43497.6
29486.4 43492.8
29487.1 43495.7

29543.9 43495.9
29487.1 43495.7
29486.4 43492.8
29543.6 43492.9
29543.9 43495.9

29561.3 43490.9
29543.9 43495.9
29543.6 43492.9
29561.2 43487.9
29561.3 43490.9

29616.8 43491.3
29561.3 43490.9
29561.2 43487.9
29616.5 43488.3
29616.8 43491.3

29634.2 43486.2
29616.8 43491.3
29616.5 43488.3
29634.1 43483.2
29634.2 43486.2

29690.4 43486.6
29634.2 43486.2
29634.1 43483.2
29690.1 43483.6
29690.4 43486.6

29707.8 43481.6
29690.4 43486.6
29690.1 43483.6
29707.7 43478.6
29707.8 43481.6

29763.5 43482
29707.8 43481.6
29707.7 43478.6
29763.2 43479
29763.5 43482

29780.8 43476.9
29763.5 43482
29763.2 43479
29780.7 43473.9
29780.8 43476.9

29836.6 43477.3
29780.8 43476.9
29780.7 43473.9
29836.3 43474.3
29836.6 43477.3

29853.5 43472.4
29836.6 43477.3
29836.3 43474.3
29853.4 43469.4
29853.5 43472.4

29974.5 43473.1
29853.5 43472.4
29853.4 43469.4
29974.2 43470.1
29974.5 43473.1

30080.5 43451.7
29974.5 43473.1
29974.2 43470.1
30079.9 43448.7
30080.5 43451.7

30133 43453.9
30080.5 43451.7
30079.9 43448.7
30132.7 43450.9
30133 43453.9

30301 43421.1
30133 43453.9
30132.7 43450.9
30300.8 43418.1
30301 43421.1

30363.8 43420.9
30301 43421.1
30300.8 43418.1
30363.5 43417.9
30363.8 43420.9

30588.4 43374.2
30363.8 43420.9
30363.5 43417.9
30587.9 43371.2
30588.4 43374.2

30859 43396.3
30588.4 43374.2
30587.9 43371.2
30858.7 43393.3
30859 43396.3

30969.6 43374.7
30859 43396.3
30858.7 43393.3
30969.4 43371.7
30969.6 43374.7

31031.6 43374.5
30969.6 43374.7
30969.4 43371.7
31031.3 43371.5
31031.6 43374.5

31260.6 43326.7
31031.6 43374.5
31031.3 43371.5
31260.1 43323.7
31260.6 43326.7

31529.9 43348.8
31260.6 43326.7
31260.1 43323.7
31529.6 43345.8
31529.9 43348.8

31687 43316.2
31529.9 43348.8
31529.6 43345.8
31686.4 43313.2
31687 43316.2

31957.1 43337.7
31687 43316.2
31686.4 43313.2
31957.1 43334.7
31957.1 43337.7

32125.4 43302.3
31957.1 43337.7
31957.1 43334.7
32124.9 43299.3
32125.4 43302.3

32326.5 43319.2
32297.7 43319
32125.4 43302.3
32124.9 43299.3
32297.8 43316
32326.5 43319.2

32326.5 43319.2
32297.8 43316
32326.2 43316.2
32326.5 43319.2

32343.1 43314.3
32326.5 43319.2
32326.2 43316.2
32342.5 43311.3
32343.1 43314.3

32399.5 43314.5
32343.1 43314.3
32342.5 43311.3
32399.2 43311.5
32399.5 43314.5

32416.9 43309.4
32399.5 43314.5
32399.2 43311.5
32416.8 43306.4
32416.9 43309.4

32472.8 43309.8
32416.9 43309.4
32416.8 43306.4
32472.5 43306.8
32472.8 43309.8

32490.2 43304.8
32472.8 43309.8
32472.5 43306.8
32489.8 43301.8
32490.2 43304.8

32639.6 43305.8
32490.2 43304.8
32489.8 43301.8
32639.4 43302.8
32639.6 43305.8

32806 43277.4
32639.6 43305.8
32639.4 43302.8
32806.1 43274.4
32806 43277.4

32853.3 43286.8
32806 43277.4
32806.1 43274.4
32853.4 43283.8
32853.3 43286.8

32869.3 43284.3
32853.3 43286.8
32853.4 43283.8
32869.4 43281.3
32869.3 43284.3

32916.8 43293.7
32869.3 43284.3
32869.4 43281.3
32916.7 43290.7
32916.8 43293.7

32932.8 43291.2
32916.8 43293.7
32916.7 43290.7
32932.9 43288.2
32932.8 43291.2

32979.9 43300.6
32932.8 43291.2
32932.9 43288.2
32979.8 43297.6
32979.9 43300.6

32995.8 43298.1
32979.9 43300.6
32979.8 43297.6
32995.9 43295.1
32995.8 43298.1

33043.3 43307.6
32995.8 43298.1
32995.9 43295.1
33043.4 43304.6
33043.3 43307.6

33059.3 43305.1
33043.3 43307.6
33043.4 43304.6
33059.4 43302.1
33059.3 43305.1

33107.1 43314.6
33059.3 43305.1
33059.4 43302.1
33107 43311.6
33107.1 43314.6

33122.9 43312.1
33107.1 43314.6
33107 43311.6
33123.5 43309.1
33122.9 43312.1

33169.7 43321.5
33122.9 43312.1
33123.5 43309.1
33169.9 43318.5
33169.7 43321.5

33185.8 43318.9
33169.7 43321.5
33169.9 43318.5
33184.6 43315.9
33185.8 43318.9

33233.1 43328.4
33185.8 43318.9
33184.6 43315.9
33233.3 43325.4
33233.1 43328.4

33249.2 43325.9
33233.1 43328.4
33233.3 43325.4
33249.3 43322.9
33249.2 43325.9

33296.9 43335.4
33249.2 43325.9
33249.3 43322.9
33297 43332.4
33296.9 43335.4

33308.8 43333.6
33296.9 43335.4
33297 43332.4
33308.9 43330.6
33308.8 43333.6

33375.7 43346.7
33308.8 43333.6
33308.9 43330.6
33376 43343.7
33375.7 43346.7

33501.2 43335.2
33375.7 43346.7
33376 43343.7
33501.4 43332.2
33501.2 43335.2

33669.2 43362.2
33501.2 43335.2
33501.4 43332.2
33669.4 43359.2
33669.2 43362.2

33687.7 43360.6
33669.2 43362.2
33669.4 43359.2
33687.9 43357.6
33687.7 43360.6

33856 43387.7
33687.7 43360.6
33687.9 43357.6
33856.2 43384.7
33856 43387.7

33872.5 43386.3
33856 43387.7
33856.2 43384.7
33872.7 43383.3
33872.5 43386.3

34080.2 43419.2
33872.5 43386.3
33872.7 43383.3
34080.3 43416.2
34080.2 43419.2

34205 43407.8
34080.2 43419.2
34080.3 43416.2
34205.2 43404.8
34205 43407.8

34373.2 43434.8
34205 43407.8
34205.2 43404.8
34373.4 43431.8
34373.2 43434.8

34391.9 43433.2
34373.2 43434.8
34373.4 43431.8
34392.1 43430.2
34391.9 43433.2

34431 43438.9
34391.9 43433.2
34392.1 43430.2
34429.4 43436.2
34431 43438.9

34431 43438.9
34429.4 43436.2
38880.8 38984.7
38883 38986.9
34431 43438.9

