19146.1 47732.2
18559.9 48318.4

19146.1 47732.2
19377.7 47542.2

19377.7 47542.2
19463.7 47480.3

19596.5 47402.6
19463.7 47480.3

19596.5 47402.6
19634 47375.7

19766.8 47298
19634 47375.7

19804.2 47271.1
19766.8 47298

19937 47193.4
19804.2 47271.1

19937 47193.4
19974.5 47166.5

19974.5 47166.5
20107.3 47088.8

20144.8 47061.9
20107.3 47088.8

20277.6 46984.2
20144.8 47061.9

20277.6 46984.2
20315 46957.3

20315 46957.3
20447.8 46879.7

20485.3 46852.7
20447.8 46879.7

20618.1 46775
20485.3 46852.7

20655.5 46748.1
20618.1 46775

20788.3 46670.4
20655.5 46748.1

20825.8 46643.5
20788.3 46670.4

20825.8 46643.5
20958.6 46565.8

20996.1 46538.9
20958.6 46565.8

21128.9 46461.2
20996.1 46538.9

21128.9 46461.2
21166.3 46434.3

21166.3 46434.3
21299.1 46356.7

21336.6 46329.7
21299.1 46356.7

21469.4 46252
21336.6 46329.7

21469.4 46252
21506.9 46225.1

21639.7 46147.4
21506.9 46225.1

21677.1 46120.5
21639.7 46147.4

21809.9 46042.8
21677.1 46120.5

21847.4 46015.9
21809.9 46042.8

21980.2 45938.2
21847.4 46015.9

22017.6 45911.3
21980.2 45938.2

22150.4 45833.6
22017.6 45911.3

22150.4 45833.6
22187.9 45806.7

22321.9 45728.3
22187.9 45806.7

17961.1 31528.9
17959.4 31518.6

17961.1 31528.9
17951.5 31577.5

17951.5 31577.5
17954 31592.7

17954 31592.7
17944.6 31640.1

17947.1 31656
17944.6 31640.1

17947.1 31656
17937.7 31703.7

17937.7 31703.7
17940.3 31718.9

17930.7 31766.5
17940.3 31718.9

17933.2 31782.6
17930.7 31766.5

17923.7 31830.3
17933.2 31782.6

17926.2 31846.2
17923.7 31830.3

17926.2 31846.2
17916.8 31893.3

17919.4 31909.5
17916.8 31893.3

17919.4 31909.5
17909.9 31957.4

17909.9 31957.4
17912.5 31972.5

17912.5 31972.5
17903 32020.7

17903 32020.7
17931.5 32186.6

17930.4 32335.9
17931.5 32186.6

17935.5 32353.4
17930.4 32335.9

17935.1 32409.1
17935.5 32353.4

17940.2 32426.8
17935.1 32409.1

17939.8 32482.2
17940.2 32426.8

17944.8 32499.7
17939.8 32482.2

17944.6 32528.2
17944.8 32499.7

17944.6 32528.2
17927.9 32700.8

17963.3 32868.7
17927.9 32700.8

17963.3 32868.7
17941.8 33139.3

17941.8 33139.3
17974.5 33296.4

17974.5 33296.4
17952.4 33565.7

17952.4 33565.7
18000.2 33794.5

18000.2 33794.5
18000.3 33856.5

18021.9 33967.2
18000.3 33856.5

18021.9 33967.2
17999.8 34237.9

17999.8 34237.9
18046.6 34462.3

18046.6 34462.3
18046.8 34525.1

18079.6 34693.2
18046.8 34525.1

18079.6 34693.2
18077.3 34745.8

18077.3 34745.8
18098.8 34851.6

18098 34972.5
18098.8 34851.6

18102.9 34989.7
18098 34972.5

18102.6 35045.2
18102.9 34989.7

18107.6 35062.8
18102.6 35045.2

18107.2 35118.2
18107.6 35062.8

18112.3 35135.8
18107.2 35118.2

18111.9 35191.8
18112.3 35135.8

18116.9 35209.4
18111.9 35191.8

18116.9 35209.4
18116.5 35264.9

18121.6 35282.3
18116.5 35264.9

18121.2 35338.1
18121.6 35282.3

18126.2 35355.7
18121.2 35338.1

18125.8 35411.5
18126.2 35355.7

18130.9 35429
18125.8 35411.5

18130.5 35484.4
18130.9 35429

18135.5 35502
18130.5 35484.4

18135.5 35502
18135.3 35558.9

18146.2 35595.7
18135.3 35558.9

18146.2 35595.7
18178.4 35838.1

18196 35879.1
18178.4 35838.1

18207.8 35945.3
18196 35879.1

18216.3 35965.6
18207.8 35945.3

18216.3 35965.6
18228.7 36034.1

18228.7 36034.1
18236.9 36053.4

18236.9 36053.4
18249.2 36121.8

18249.2 36121.8
18257.5 36141.2

18257.5 36141.2
18269.8 36209.8

18269.8 36209.8
18278.1 36229.1

18278.1 36229.1
18290.4 36297.6

18290.4 36297.6
18298.7 36317

18298.7 36317
18311 36385.4

18311 36385.4
18319.2 36404.8

18319.2 36404.8
18331.6 36473.3

18331.6 36473.3
18339.8 36492.6

18344.7 36520
18339.8 36492.6

18344.7 36520
18350.2 36569.2

18359.1 36597.9
18350.2 36569.2

18359.1 36597.9
18388.6 36817.5

18453.7 37026.1
18388.6 36817.5

18453.7 37026.1
18482.3 37098.3

18482.3 37098.3
18503.7 37216.9

18518.3 37349.4
18503.7 37216.9

18526.9 37377.3
18518.3 37349.4

18526.9 37377.3
18556.3 37596.5

18602.6 37746.5
18556.3 37596.5

18602.6 37746.5
18643.2 37820.4

18651.5 37891.8
18643.2 37820.4

18703.3 38054.1
18651.5 37891.8

18703.3 38054.1
18728.1 38145.6

18728.1 38145.6
18743.3 38230.1

18743.3 38230.1
18751.5 38249.5

18751.5 38249.5
18763.9 38318

18763.9 38318
18771.4 38335.8

18787.2 38441.8
18771.4 38335.8

18830.9 38584.5
18787.2 38441.8

18830.9 38584.5
18846.2 38669.4

18846.2 38669.4
18854.4 38688.8

18854.4 38688.8
18866.8 38757.2

18866.8 38757.2
18875 38776.6

18875 38776.6
18887.4 38845

18887.4 38845
18895.6 38864.4

18907.7 38932
18895.6 38864.4

18916.2 38952.2
18907.7 38932

18916.2 38952.2
18928.5 39020.7

18928.5 39020.7
18936.8 39040

18945.4 39088.2
18936.8 39040

18945.4 39088.2
18998.7 39263.9

19021.1 39303.3
18998.7 39263.9

19021.1 39303.3
19053.7 39391

19053.7 39391
19067.7 39415.8

19100.5 39504.2
19067.7 39415.8

19100.5 39504.2
19114.5 39528.9

19147.3 39617.3
19114.5 39528.9

19147.3 39617.3
19161.3 39642

19161.3 39642
19194.1 39730.3

19208 39755
19194.1 39730.3

19240.8 39843.3
19208 39755

19240.8 39843.3
19254.8 39868.1

19254.8 39868.1
19287.6 39956.4

19287.6 39956.4
19301.6 39981.2

19334.4 40069.5
19301.6 39981.2

19334.4 40069.5
19348.3 40094.3

19381.2 40182.6
19348.3 40094.3

19381.2 40182.6
19395.1 40207.3

19413.1 40255.7
19395.1 40207.3

19413.1 40255.7
19449.8 40366.4

19469 40410.8
19449.8 40366.4

19535.2 40545.9
19469 40410.8

19535.2 40545.9
19568.2 40634.8

19568.2 40634.8
19582.2 40659.6

19582.2 40659.6
19611.1 40737.1

19663.7 40864.3
19623.4 40762.4

19675.7 40885.6
19663.7 40864.3

19675.7 40885.6
19708.6 40974

19708.6 40974
19722.6 40998.8

19755.4 41087.2
19722.6 40998.8

19755.4 41087.2
19769.4 41111.9

19769.4 41111.9
19802.2 41200.2

19802.2 41200.2
19816.1 41224.9

19848.9 41313.2
19816.1 41224.9

19862.9 41338
19848.9 41313.2

19895.7 41426.3
19862.9 41338

19895.7 41426.3
19909.7 41451

19942.5 41539.4
19909.7 41451

19942.5 41539.4
19956.4 41564.2

19956.4 41564.2
19989.2 41652.5

19989.2 41652.5
20003.2 41677.3

20036 41765.5
20003.2 41677.3

20036 41765.5
20050 41790.3

20082.8 41878.6
20050 41790.3

20082.8 41878.6
20096.8 41903.4

20096.8 41903.4
20129.6 41991.7

20143.5 42016.4
20129.6 41991.7

20143.5 42016.4
20176.4 42104.8

20190.3 42129.5
20176.4 42104.8

20223.1 42217.8
20190.3 42129.5

20223.1 42217.8
20237.1 42242.6

20237.1 42242.6
20269.9 42330.9

20283.8 42355.6
20269.9 42330.9

20320.2 42453.5
20283.8 42355.6

20355.4 42504.1
20320.2 42453.5

20355.4 42504.1
20433.8 42638.1

20433.8 42638.1
20460.8 42675.6

20460.8 42675.6
20538.5 42808.4

20538.5 42808.4
20565.3 42845.8

20565.3 42845.8
20643 42978.7

20643 42978.7
20670 43016.2

20670 43016.2
20747.6 43148.9

20774.5 43186.4
20747.6 43148.9

20774.5 43186.4
20852.2 43319.2

20852.2 43319.2
20879.2 43356.6

20879.2 43356.6
20956.8 43489.4

20956.8 43489.4
20983.8 43526.9

20983.8 43526.9
21061.4 43659.7

21061.4 43659.7
21088.4 43697.2

21088.4 43697.2
21166 43830

21193 43867.4
21166 43830

21193 43867.4
21270.7 44000.3

21270.7 44000.3
21297.5 44037.7

21297.5 44037.7
21375.2 44170.5

21375.2 44170.5
21402.2 44207.9

21402.2 44207.9
21479.8 44340.7

21479.8 44340.7
21506.8 44378.2

21584.4 44511
21506.8 44378.2

21584.4 44511
21611.3 44548.5

21611.3 44548.5
21689 44681.3

21689 44681.3
21716 44718.7

21716 44718.7
21793.7 44851.5

21820.6 44889
21793.7 44851.5

21820.6 44889
21898.2 45021.8

21898.2 45021.8
21925.2 45059.2

21925.2 45059.2
22002.8 45192

22029.8 45229.5
22002.8 45192

22029.8 45229.5
22107.5 45362.3

22169.3 45448.4
22107.5 45362.3

22169.3 45448.4
22371 45694.1

22372.4 45693.1
22321.9 45728.3

22372.4 45693.1
22470.5 45656.7

22470.5 45656.7
22495.2 45642.8

22583.4 45610
22495.2 45642.8

22583.4 45610
22608.2 45596

22696.5 45563.2
22608.2 45596

22696.5 45563.2
22721.3 45549.2

22721.3 45549.2
22809.6 45516.4

22809.6 45516.4
22834.4 45502.4

22922.6 45469.6
22834.4 45502.4

22947.4 45455.7
22922.6 45469.6

22947.4 45455.7
23035.7 45422.9

23035.7 45422.9
23060.5 45408.9

23148.8 45376.1
23060.5 45408.9

23173.5 45362.1
23148.8 45376.1

23261.9 45329.3
23173.5 45362.1

23261.9 45329.3
23286.6 45315.3

23286.6 45315.3
23375 45282.5

23375 45282.5
23399.7 45268.6

23488.1 45235.7
23399.7 45268.6

23488.1 45235.7
23512.8 45221.8

23601.1 45189
23512.8 45221.8

23601.1 45189
23625.8 45175

23625.8 45175
23714.1 45142.2

23714.1 45142.2
23738.9 45128.2

23738.9 45128.2
23827.2 45095.4

23827.2 45095.4
23852 45081.4

23852 45081.4
23940.5 45048.6

23961.8 45036.6
23940.5 45048.6

23961.8 45036.6
24063.6 44996.4

24088.8 44983.9
24166.4 44955.1

24166.4 44955.1
24191.2 44941.1

24280.1 44908.1
24191.2 44941.1

24280.1 44908.1
24443.4 44828.1

24610.9 44772.4
24443.4 44828.1

24643.5 44754
24620 44767.3

24731.8 44721.2
24643.5 44754

24756.5 44707.2
24731.8 44721.2

24756.5 44707.2
24844.8 44674.4

24844.8 44674.4
24869.6 44660.4

24869.6 44660.4
24957.9 44627.7

24982.7 44613.7
24957.9 44627.7

25071 44580.9
24982.7 44613.7

25071 44580.9
25095.7 44566.9

25184 44534.1
25095.7 44566.9

25184 44534.1
25208.8 44520.2

25208.8 44520.2
25297.1 44487.3

25321.9 44473.4
25297.1 44487.3

25321.9 44473.4
25410.2 44440.6

25410.2 44440.6
25435 44426.6

25522.7 44394
25435 44426.6

25522.7 44394
25563 44371.2

25563 44371.2
25737.8 44318.3

25737.8 44318.3
25785.9 44309.6

25805.3 44301.4
25785.9 44309.6

25873.8 44289.1
25805.3 44301.4

25893.2 44280.8
25873.8 44289.1

25961.6 44268.5
25893.2 44280.8

25981 44260.2
25961.6 44268.5

26049.5 44247.9
25981 44260.2

26068.8 44239.6
26049.5 44247.9

26137.3 44227.3
26068.8 44239.6

26137.3 44227.3
26157.5 44218.8

26157.5 44218.8
26241.5 44203.8

26241.5 44203.8
26385.3 44159.8

26385.3 44159.8
26490.3 44144.3

26508 44136.7
26490.3 44144.3

26576.6 44124.4
26508 44136.7

26595.9 44116.1
26576.6 44124.4

26680.4 44100.9
26595.9 44116.1

26771.9 44076.1
26680.4 44100.9

26771.9 44076.1
26934.1 44024.4

26934.1 44024.4
27005.6 44016.1

27079.5 43975.5
27005.6 44016.1

27079.5 43975.5
27229.5 43929.2

27448.6 43899.8
27229.5 43929.2

27448.6 43899.8
27476.7 43891.1

27476.7 43891.1
27645.2 43872.5

27645.2 43872.5
27657 43867.8

27657 43867.8
27727.7 43855.1

27799.9 43826.6
27727.7 43855.1

27799.9 43826.6
28008.5 43761.5

28228.2 43731.9
28008.5 43761.5

28228.2 43731.9
28256.7 43723.1

28256.7 43723.1
28327.6 43715.2

28352.7 43704.4
28334.8 43712.1

28421.3 43692.1
28352.7 43704.4

28440.7 43683.8
28421.3 43692.1

28509 43671.5
28440.7 43683.8

28528.5 43663.3
28509 43671.5

28596.8 43650.9
28528.5 43663.3

28616.2 43642.7
28596.8 43650.9

28684.8 43630.3
28616.2 43642.7

28704.2 43622.1
28684.8 43630.3

28772.6 43609.8
28704.2 43622.1

28792 43601.5
28772.6 43609.8

28860.4 43589.2
28792 43601.5

28879.8 43580.9
28860.4 43589.2

28947 43568.8
28879.8 43580.9

28947 43568.8
28987.9 43551.3

29230.2 43519.1
28987.9 43551.3

29230.2 43519.1
29268.2 43508

29268.2 43508
29324 43508.4

29324 43508.4
29341.6 43503.4

29341.6 43503.4
29397 43503.7

29397 43503.7
29414.5 43498.7

29414.5 43498.7
29470.4 43499.1

29486.7 43494.2
29470.4 43499.1

29543.7 43494.4
29486.7 43494.2

29543.7 43494.4
29561.3 43489.4

29561.3 43489.4
29616.6 43489.8

29616.6 43489.8
29634.2 43484.7

29634.2 43484.7
29690.2 43485.1

29690.2 43485.1
29707.8 43480.1

29707.8 43480.1
29763.3 43480.5

29763.3 43480.5
29780.8 43475.4

29780.8 43475.4
29836.4 43475.8

29836.4 43475.8
29853.5 43470.9

29853.5 43470.9
29974.4 43471.6

30080.2 43450.2
29974.4 43471.6

30132.8 43452.4
30080.2 43450.2

30132.8 43452.4
30300.9 43419.6

30363.7 43419.4
30300.9 43419.6

30588.1 43372.7
30363.7 43419.4

30858.8 43394.8
30588.1 43372.7

30858.8 43394.8
30969.5 43373.2

31031.5 43373
30969.5 43373.2

31260.3 43325.2
31031.5 43373

31529.7 43347.3
31260.3 43325.2

31686.7 43314.7
31529.7 43347.3

31957.1 43336.2
31686.7 43314.7

32125.1 43300.8
31957.1 43336.2

32319.8 43319.6
32125.1 43300.8

32342.8 43312.8
32327.8 43317.3

32399.3 43313
32342.8 43312.8

32399.3 43313
32416.9 43307.9

32416.9 43307.9
32472.6 43308.3

32472.6 43308.3
32490 43303.3

32639.5 43304.3
32490 43303.3

32639.5 43304.3
32806 43275.9

32853.4 43285.3
32806 43275.9

32853.4 43285.3
32869.3 43282.8

32869.3 43282.8
32916.7 43292.2

32916.7 43292.2
32932.8 43289.7

32932.8 43289.7
32979.9 43299.1

32979.9 43299.1
32995.8 43296.6

33043.4 43306.1
32995.8 43296.6

33043.4 43306.1
33059.3 43303.6

33059.3 43303.6
33107 43313.1

33107 43313.1
33123.2 43310.6

33123.2 43310.6
33169.8 43320

33185.2 43317.4
33169.8 43320

33233.2 43326.9
33185.2 43317.4

33233.2 43326.9
33249.2 43324.4

33297 43333.9
33249.2 43324.4

33297 43333.9
33308.8 43332.1

33375.8 43345.2
33308.8 43332.1

33501.3 43333.7
33375.8 43345.2

33501.3 43333.7
33669.3 43360.7

33669.3 43360.7
33687.8 43359.1

33687.8 43359.1
33856.1 43386.2

33856.1 43386.2
33872.6 43384.8

33872.6 43384.8
34080.3 43417.7

34080.3 43417.7
34205.1 43406.3

34205.1 43406.3
34373.3 43433.3

34373.3 43433.3
34392 43431.7

34392 43431.7
34430.2 43437.5

38880.8 38986.9
34430.2 43437.5
